·30

a———a--a

Fondn 11 1111111311. Der 811113 111 11111111, 111 01111111113 0111101311 811111111111 1111111111, 111
(11111111811113113111 3111111111 1111111111 31111111, 11111111111111 1111111, (111111111111111 81111111 von
10011111 11 3111011111. wird ihm 111 11111111 (1111811111111101111113 1111111118, 11 111131 (111 81111 111
1111111 7000 11111 111 11111111 in 111 stand, 111 1111111111 Stipendium 111 200 111111 11 1111111. Ζ1 3111111
1111111111111 011111113111111111111111111111111111,11118111111111111, 111111111111111 01111111311 Amieht
nimmt, mit dem Hurkommen 1111111 11011111 0111111, 111111111111 111 1111311111111, nicht recht vertraglich
1111, 1111111 11111113111111111 11111311 81111111113 11111111111111111181111311311 1118111 111 1111111113
111 1111111111 111111 1111111111 wird, 11111111 1111111111 111 11111111 0111111111 (111 1111 01111111111 1111111111
0111111111 11181111111 1111011031, (111 11111111111 1111111, 1111111 111 zu 1111111111 1111011311 1111113111111
81111111111111111111,111111111118111111131131111111111111111111113111118111τί11111 zusammen 11 111111.ιι
111111118113111 11111311 am 26. 11011 1891 1111 0111113113 (1111111111. 01111111111111311111, 11111
1111111,,,,1111(111111.81111111111111111,1)11111111111 111 11111111 1110111111, 111180111111011111113113, 1111
11131111111811111111113 11181111 11181111111111 v. 8111111 8111111113, 111 31111111111111111031 11111 3111111131
111, 1111111 31111111 11111111 in 1118011, (11111 1111181111111111111 1111011111, 31111111 111 1111111 1111011111
11103111111111, 11111 1111811111 „von 8111111111 81111113*ί 11 11111111 111, 11111111 111 8111111101 1111111111
zusammen 11111111 8111131 11181111111111111111111 111 Unterstfitzung 111010131181111111111, 11111111 11101111-
1113111111 Gymnasium 1111111111 11111,11111111111111111.“ 8111 111111 (11111113.1111 211111 1801) 1111111111
011103111111.811111111101101131118111131 von 2400 Μ11. 111 111 1111111311 0111111113 111 0111111311111111 11
111 111 (111111. 01111111111111311111 0111111311 111 111 101111111131111110311111011111110311111111-81111 11111-
111111. 8111111111 1111131113111111 111 1111 (1110111111 11111111111 1111111111 31111111. 11111111 1111111111
111111111111111111111111111111(11111111113111111 011111101111 1111 11111111 11110311111111 111111111811·
11131111111111 1118111113113111 11131311111111111 111111111118111111131111111 1111111111 311111 11011111113
111111 111111110311 81111 111.
a A
1. 81111111117111103111 111 1. 311111 1801 1. Kspitnlfondu ......... 1818 00

b. Kassebehalt ......... 160 27
4981 83

1131311131 11111811111111103111118111111111111111111111 v. 81111111110011113 . . 2400 -
2. 8111111113 11111181111111811111111111113 ............ 170 90
81111111111111111. 81111111118011113 ............... ³2 09

7093 38
1. 1113111111 1. 1101111111111111.

⁶2. 11 0111111131111111 .................... 12 92

1111111111 7060 46
8111111 (111 81101131111103111 1111111. 111 1. 8111111111 3118113111 31. 1111111111 1891

1. 8111111111110311 ....... 7381 83
0. 1111111111111 ........ 190 63

7080 10

ΙΙ. nothart-sununs.

8111111111.

8111111 111 7111103111 111 1. 311111 18911
1. 011111111111101110311111031111111111 und (11101111111111111. . . . 3107 10

1. Antei} 1110111111111111 .................. 054 32 dem l
⁶ 5

Zugang: 8111111111 18001
1. 0111111111 1813 ..................... 133 71
b. „ 6610 ..................... 101
1. „ 8470 ..................... 4111
139 80

3091 37

 

